% latex table generated in R 3.4.3 by xtable 1.8-2 package
% Mon Apr  2 16:40:44 2018
\begin{table}[ht]
\centering
\begin{tabular}{llllll}
  \hline
country & RW2 & ICAR & region.unstruct & time.unstruct & time.area \\ 
  \hline
Burkina Faso & 56.9\% & 30.9\% & 3\% & 0.6\% & 8.7\% \\ 
  Benin & 65.5\% & 27.4\% & 2.7\% & 0.5\% & 3.8\% \\ 
  Angola & 6\% & 56.1\% & 1.4\% & 0.3\% & 36.3\% \\ 
  Burundi & 47.5\% & 35.6\% & 1.8\% & 0.4\% & 14.7\% \\ 
  Cameroon & 29.2\% & 65.3\% & 2.4\% & 0.4\% & 2.7\% \\ 
  Chad & 36.9\% & 41.4\% & 3.3\% & 0.6\% & 17.7\% \\ 
  Comoros & 64.9\% & 16\% & 1.6\% & 0.5\% & 17\% \\ 
  Congo & 72\% & 13.5\% & 2.4\% & 0.6\% & 11.4\% \\ 
  Cote\_dIvoire & 25.7\% & 54.8\% & 2.5\% & 0.4\% & 16.7\% \\ 
  DRC & 53.9\% & 28.1\% & 2.1\% & 0.4\% & 15.4\% \\ 
  Egypt & 80.2\% & 14.9\% & 0.9\% & 0.2\% & 3.7\% \\ 
  Ethiopia & 70.8\% & 24.6\% & 1\% & 0.2\% & 3.4\% \\ 
  Gabon & 51.4\% & 30.4\% & 3.7\% & 0.8\% & 13.6\% \\ 
  Gambia & 66.2\% & 18.6\% & 0.9\% & 0.2\% & 14\% \\ 
  Ghana & 56.5\% & 34.5\% & 2.6\% & 0.5\% & 5.9\% \\ 
  Guinea & 62.7\% & 31.5\% & 1.1\% & 0.2\% & 4.6\% \\ 
  Kenya & 31.5\% & 48.1\% & 1.7\% & 0.3\% & 18.4\% \\ 
  Lesotho & 28\% & 28.2\% & 4.6\% & 1.1\% & 38.1\% \\ 
  Liberia & 84.2\% & 6.9\% & 1.3\% & 0.3\% & 7.3\% \\ 
  Madagascar & 72.7\% & 16.2\% & 1.4\% & 0.3\% & 9.4\% \\ 
  Malawi & 87\% & 11.1\% & 1\% & 0.2\% & 0.6\% \\ 
  Mali & 42.8\% & 50.4\% & 1.2\% & 0.2\% & 5.4\% \\ 
  Morocco & 83\% & 8.8\% & 1\% & 0.2\% & 7\% \\ 
  Mozambique & 65.2\% & 21.8\% & 1\% & 0.2\% & 11.8\% \\ 
  Namibia & 44.5\% & 32.5\% & 2.2\% & 0.6\% & 20.2\% \\ 
  Niger & 57.1\% & 30.9\% & 1.4\% & 0.3\% & 10.3\% \\ 
  Nigeria & 26.7\% & 65.4\% & 1.9\% & 0.3\% & 5.7\% \\ 
  Rwanda & 83.7\% & 12.5\% & 1\% & 0.2\% & 2.5\% \\ 
  Senegal & 72.5\% & 23\% & 1.2\% & 0.2\% & 3\% \\ 
  Sierra Leone & 59.4\% & 24.7\% & 2.3\% & 0.5\% & 13.1\% \\ 
  Tanzania & 75.3\% & 18.1\% & 1.2\% & 0.2\% & 5.2\% \\ 
  Togo & 53.4\% & 39.9\% & 2.5\% & 0.5\% & 3.6\% \\ 
  Uganda & 87.1\% & 8.7\% & 1.3\% & 0.3\% & 2.7\% \\ 
  Zambia & 75\% & 19.2\% & 1.6\% & 0.3\% & 3.8\% \\ 
  Zimbabwe & 45.2\% & 44.3\% & 2.3\% & 0.5\% & 7.7\% \\ 
   \hline
\end{tabular}
\end{table}
