% latex table generated in R 3.4.3 by xtable 1.8-2 package
% Mon Mar 19 16:02:34 2018
\begin{table}[ht]
\centering
\begin{tabular}{llllll}
  \hline
country & RW2 & ICAR & region.unstruct & time.unstruct & time.area \\ 
  \hline
Burkina Faso & 57\% & 30.1\% & 2.9\% & 0.6\% & 9.4\% \\ 
  Benin & 67.3\% & 26\% & 2.7\% & 0.5\% & 3.4\% \\ 
  Angola & 6.4\% & 57.8\% & 1.4\% & 0.3\% & 34.2\% \\ 
  Burundi & 45.9\% & 36.2\% & 1.5\% & 0.3\% & 16\% \\ 
  Cameroon & 27.8\% & 65.8\% & 2.3\% & 0.4\% & 3.6\% \\ 
  Chad & 36.2\% & 44.3\% & 3.3\% & 0.6\% & 15.5\% \\ 
  Comoros & 65.2\% & 14.4\% & 1.7\% & 0.6\% & 18.2\% \\ 
  Congo & 71.8\% & 12.7\% & 2.4\% & 0.6\% & 12.5\% \\ 
  Cote\_dIvoire & 26.2\% & 55.3\% & 2.4\% & 0.4\% & 15.7\% \\ 
  DRC & 51.6\% & 29.6\% & 2.3\% & 0.5\% & 15.9\% \\ 
  Egypt & 79.3\% & 16.4\% & 0.9\% & 0.2\% & 3.1\% \\ 
  Ethiopia & 69.5\% & 25.7\% & 1\% & 0.2\% & 3.6\% \\ 
  Gabon & 48.9\% & 33.1\% & 3.9\% & 0.8\% & 13.3\% \\ 
  Gambia & 64.8\% & 20.4\% & 1\% & 0.2\% & 13.6\% \\ 
  Ghana & 56.5\% & 34.5\% & 2.5\% & 0.4\% & 6.1\% \\ 
  Guinea & 63.7\% & 30.3\% & 1\% & 0.2\% & 4.8\% \\ 
  Kenya & 30.4\% & 48.2\% & 1.7\% & 0.3\% & 19.4\% \\ 
  Lesotho & 30.3\% & 26.7\% & 4.6\% & 1.1\% & 37.3\% \\ 
  Liberia & 82\% & 7.1\% & 1.4\% & 0.3\% & 9.2\% \\ 
  Madagascar & 72.7\% & 16.3\% & 1.4\% & 0.3\% & 9.3\% \\ 
  Malawi & 89.1\% & 9\% & 1\% & 0.2\% & 0.7\% \\ 
  Mali & 44.5\% & 46.8\% & 1.1\% & 0.2\% & 7.4\% \\ 
  Morocco & 84\% & 8.4\% & 1\% & 0.2\% & 6.3\% \\ 
  Mozambique & 62.8\% & 23.3\% & 1.1\% & 0.2\% & 12.5\% \\ 
  Namibia & 44.8\% & 32.8\% & 2.2\% & 0.6\% & 19.7\% \\ 
  Niger & 55.7\% & 33.2\% & 1.3\% & 0.3\% & 9.5\% \\ 
  Nigeria & 27.3\% & 65.4\% & 1.9\% & 0.3\% & 5.1\% \\ 
  Rwanda & 83.8\% & 12.4\% & 1\% & 0.2\% & 2.5\% \\ 
  Senegal & 73.1\% & 22.9\% & 1.3\% & 0.2\% & 2.5\% \\ 
  Sierra Leone & 59.8\% & 22.3\% & 2.2\% & 0.5\% & 15.1\% \\ 
  Tanzania & 75.6\% & 17.8\% & 1.2\% & 0.2\% & 5.2\% \\ 
  Togo & 53\% & 39.9\% & 2.5\% & 0.5\% & 4.1\% \\ 
  Uganda & 86.6\% & 9.1\% & 1.3\% & 0.3\% & 2.7\% \\ 
  Zambia & 73.9\% & 20.2\% & 1.5\% & 0.3\% & 4\% \\ 
  Zimbabwe & 54.4\% & 36\% & 1.9\% & 0.5\% & 7.2\% \\ 
   \hline
\end{tabular}
\end{table}
